0 71 448 130 49 673 551 37 143 404 299 149 47 730 494 47 110 404 299 149 47 673 551 37 143 990 335 48 24 543 5 23 44 1013 301 48 27 306 452 53 30 972 274 53 29 621 2 19 44 972 274 53 29 102 330 83 32 1013 301 48 27 585 360 39 39 1248 323 32 30 990 335 48 24 306 452 53 30 311 410 46 28 232 428 45 30 631 442 29 50 1163 313 57 27 1219 356 49 30 1083 305 53 25 1100 268 48 27 230 474 41 29 
1 71 448 130 49 673 547 37 147 404 299 147 46 730 493 46 113 404 299 147 46 673 547 37 147 991 335 48 24 306 452 53 30 1013 301 48 27 621 2 19 43 969 274 55 28 1261 284 19 26 969 274 55 28 102 330 82 32 1249 324 31 29 1013 301 48 27 583 360 41 39 991 335 48 24 306 452 53 30 232 428 46 31 311 410 46 28 631 439 29 51 1163 313 57 27 1084 305 52 25 1218 356 48 30 1097 268 49 27 230 474 41 29 
2 730 491 46 117 71 448 130 49 672 544 38 149 405 300 146 45 405 300 146 45 730 491 46 117 672 544 38 149 991 335 48 24 306 452 53 30 1013 302 48 26 621 2 19 43 967 274 57 28 967 274 57 28 102 330 82 32 1250 324 31 28 1013 302 48 26 991 335 48 24 306 452 53 30 582 360 41 39 311 410 46 28 630 439 29 48 232 428 45 31 1163 313 57 27 1084 305 52 25 1213 356 51 29 230 473 41 29 1095 267 48 28 
3 729 487 46 120 71 448 130 48 673 542 36 148 406 300 143 44 406 300 143 44 729 487 46 120 673 542 36 148 305 453 53 30 991 336 48 24 1013 302 49 26 621 2 19 42 965 275 58 27 102 330 82 32 965 275 58 27 1013 302 49 26 1250 325 31 27 991 336 48 24 305 453 53 30 582 359 40 40 311 409 46 28 231 428 46 31 629 439 28 48 1163 313 57 27 1085 305 50 25 1210 356 52 29 229 473 42 29 1093 267 48 28 
4 71 448 130 48 729 484 46 126 671 540 39 151 404 299 146 44 404 299 146 44 671 540 39 151 729 484 46 126 306 453 53 29 991 335 48 24 1012 301 50 26 621 3 19 41 964 275 58 27 102 330 83 32 1012 301 50 26 1257 283 24 26 1252 325 29 26 964 275 58 27 991 335 48 24 306 453 53 29 311 408 45 29 578 358 42 41 231 427 46 31 628 438 29 48 1084 304 50 25 1163 313 57 27 1209 356 51 29 1090 267 49 28 229 473 42 29 
5 672 540 38 148 71 448 130 48 729 483 46 126 404 300 145 43 404 300 145 43 672 540 38 148 729 483 46 126 311 408 44 29 1012 302 50 26 991 335 48 24 621 2 19 41 962 276 59 27 1012 302 50 26 101 330 83 32 1256 281 25 29 962 276 59 27 1252 325 28 26 991 335 48 24 311 408 44 29 628 438 29 45 306 453 53 29 230 427 47 31 576 357 44 40 1208 355 52 28 1084 304 50 26 1163 313 57 27 229 473 42 29 1090 266 49 28 
6 672 540 37 147 729 481 46 125 71 448 130 48 405 300 144 43 672 540 37 147 389 296 142 46 729 481 46 125 1012 302 49 26 992 335 47 24 311 408 44 29 621 2 19 41 961 276 59 27 1012 302 49 26 961 276 59 27 101 330 84 32 627 437 30 45 992 335 47 24 1252 325 28 26 311 408 44 29 1204 354 46 25 1253 283 28 27 306 453 53 29 574 357 44 40 230 428 46 31 1085 303 49 26 1163 313 57 28 229 473 42 29 1088 266 49 27 
7 728 480 47 126 71 448 129 48 387 295 146 47 728 480 47 126 387 295 146 47 992 335 47 24 311 408 44 29 621 2 19 42 960 277 60 27 627 439 30 42 1013 302 49 26 960 277 60 27 100 330 85 32 992 335 47 24 1252 325 27 26 311 408 44 29 574 356 45 41 1253 283 29 27 307 453 52 29 1084 303 50 27 231 428 45 30 1202 354 47 25 1087 266 49 28 1163 313 57 28 229 473 42 29 1163 578 10 25 
8 727 480 49 120 673 532 37 133 72 448 129 48 386 295 145 46 673 532 37 133 727 480 49 120 386 295 145 46 991 335 47 24 621 2 19 42 960 276 58 27 630 434 27 39 960 276 58 27 1012 302 49 26 101 329 85 32 991 335 47 24 1251 325 28 26 311 409 45 29 231 427 46 31 306 453 53 29 1250 285 30 26 1086 267 46 28 1085 303 48 27 573 356 43 37 1162 313 58 28 1201 354 48 25 229 473 42 29 
9 668 531 38 131 728 480 48 119 72 448 128 49 386 296 145 45 668 531 38 131 728 480 48 119 386 296 145 45 308 452 51 30 989 334 48 25 621 2 19 43 629 434 27 39 959 277 47 29 101 330 86 31 1012 301 48 27 989 334 48 25 1249 325 30 26 308 452 51 30 311 410 45 28 573 356 43 36 233 427 45 30 1084 304 49 25 1246 286 34 26 1160 313 57 27 231 473 40 28 1080 266 44 27 1197 354 48 26 
10 668 527 38 135 727 479 49 120 72 448 128 49 385 295 146 47 668 527 38 135 727 479 49 120 385 295 146 47 308 452 52 30 989 334 48 25 621 2 19 43 620 435 33 37 1012 301 47 28 101 329 86 31 957 277 49 30 989 334 48 25 572 357 43 37 308 452 52 30 1249 325 30 25 311 410 46 28 1084 304 48 25 233 427 45 30 1244 285 36 27 1161 313 55 27 231 473 40 29 1195 354 51 26 1079 266 44 27 
11 728 479 48 118 667 526 40 136 72 448 128 49 383 295 151 48 667 526 40 136 729 467 47 115 383 295 151 48 308 452 52 30 956 277 49 30 989 334 48 25 621 2 19 43 100 329 87 31 1012 301 47 27 956 277 49 30 619 432 32 40 989 334 48 25 566 352 45 36 308 452 52 30 1249 325 31 24 1244 286 35 26 312 410 46 28 233 427 45 30 1084 304 49 25 1161 313 54 26 231 473 40 28 1194 355 50 26 1077 266 43 27 
12 728 465 47 119 667 523 38 138 72 448 128 49 381 296 154 45 667 523 38 138 728 465 47 119 381 296 154 45 543 5 23 42 307 452 53 30 988 333 49 26 954 278 51 30 621 2 19 43 100 329 87 31 1013 301 47 27 954 278 51 30 988 333 49 26 619 431 32 40 1248 326 31 24 307 452 53 30 1243 286 37 26 233 427 46 30 312 410 47 28 1084 304 49 24 564 353 47 34 1161 313 54 26 231 473 40 29 1191 355 51 26 1075 265 43 27 362 561 7 19 
13 668 521 37 140 72 448 127 49 728 464 47 120 381 296 152 47 668 521 37 140 381 296 152 47 728 464 47 120 307 452 53 30 543 5 22 43 989 333 49 26 953 277 50 31 621 2 19 43 100 329 87 31 1013 301 46 27 953 277 50 31 989 333 49 26 1248 325 31 25 617 429 33 39 307 452 53 30 1241 286 39 26 233 427 46 30 311 410 47 28 1085 304 48 24 564 352 46 35 1161 314 53 25 231 473 40 29 1188 355 51 26 1072 265 42 26 363 560 7 20 
14 72 448 128 49 728 460 47 125 380 297 154 45 668 523 36 135 380 297 154 45 728 460 47 125 543 5 22 43 950 278 51 30 988 333 49 26 621 2 19 42 1006 306 43 25 100 329 87 31 616 426 32 40 988 333 49 26 950 278 51 30 1248 325 31 25 1240 286 40 25 307 452 52 30 233 427 46 30 311 410 47 28 562 351 46 35 1085 305 48 24 1161 314 54 25 231 473 40 29 1186 355 51 25 1068 265 43 25 
15 73 448 127 49 728 460 46 125 381 298 153 44 381 298 153 44 728 460 46 125 308 452 52 30 543 5 22 43 949 278 51 30 988 333 49 26 621 2 19 43 100 329 86 31 1013 302 46 26 988 333 49 26 1237 286 42 24 615 424 31 40 949 278 51 30 1249 325 30 25 308 452 52 30 233 427 45 30 312 410 46 28 1085 305 47 23 1184 355 52 24 560 352 44 32 1162 313 53 25 231 473 40 29 1066 265 45 25 
16 73 448 127 49 729 460 45 126 382 299 151 44 667 521 36 135 382 299 151 44 729 460 45 126 543 5 22 44 308 452 51 30 947 278 53 30 988 333 50 26 621 2 18 43 615 424 30 38 101 329 86 31 1013 302 46 26 988 333 50 26 1238 287 41 24 1182 355 51 24 947 278 53 30 308 452 51 30 1249 325 30 25 311 410 46 28 233 427 45 30 1086 305 47 24 557 353 44 30 1162 313 52 25 231 473 40 28 1064 265 45 25 
17 668 508 32 127 73 448 127 49 729 457 45 130 383 299 148 43 668 508 32 127 383 299 148 43 729 457 45 130 308 452 51 30 945 278 54 30 543 5 22 44 621 3 19 42 988 333 50 26 101 328 86 31 1013 301 46 26 988 333 50 26 1227 283 48 21 308 452 51 30 945 278 54 30 1250 325 29 25 311 410 46 28 233 427 45 30 1086 305 46 24 552 351 47 30 1179 353 46 23 1063 264 43 26 1162 313 52 25 231 473 40 28 
18 668 504 32 136 73 448 126 49 729 457 45 127 384 299 146 42 384 299 146 42 668 504 32 136 729 457 45 127 308 453 51 30 543 5 22 43 621 3 19 42 988 333 49 26 942 277 56 31 101 328 86 31 612 421 30 38 1014 301 46 28 988 333 49 26 942 277 56 31 308 453 51 30 1057 263 45 23 1250 326 29 25 311 410 46 28 1082 304 44 26 233 427 45 30 1225 283 49 24 550 351 47 29 1162 312 51 25 1178 353 47 23 231 473 40 28 
19 668 500 33 139 73 448 127 49 729 457 45 128 386 299 143 43 386 299 143 43 668 500 33 139 729 457 45 128 308 452 52 30 543 5 22 43 940 278 57 30 621 3 19 42 988 333 50 26 610 420 30 38 101 329 86 31 1013 300 47 28 988 333 50 26 940 278 57 30 308 452 52 30 547 350 50 29 1250 325 30 25 311 410 46 28 1082 304 44 27 233 427 45 30 1222 283 50 24 1162 312 51 26 1055 263 47 24 231 473 40 28 1176 352 47 24 
20 667 497 33 141 73 448 127 49 729 457 45 125 388 299 138 43 388 299 138 43 667 497 33 141 729 457 45 125 308 452 52 30 543 5 22 43 545 350 52 29 937 278 59 29 988 333 49 26 621 3 18 42 100 328 86 31 1013 300 46 29 988 333 49 26 545 350 52 29 937 278 59 29 1250 325 30 25 308 452 52 30 1220 281 49 25 312 410 46 28 1082 303 44 27 233 427 45 31 1162 311 51 26 231 473 40 28 1173 352 49 24 1054 263 47 24 
21 667 494 33 146 73 447 126 49 391 299 133 41 730 457 45 124 391 299 133 41 667 494 33 146 730 457 45 124 543 350 52 28 307 452 52 30 543 5 22 43 1216 280 48 27 621 3 19 42 935 278 60 30 988 333 50 26 748 698 21 22 100 328 87 32 1013 300 47 29 988 333 50 26 543 350 52 28 935 278 60 30 1216 280 48 27 1250 325 30 26 307 452 52 30 312 410 45 28 233 427 45 30 1082 303 44 27 1162 311 51 26 231 473 40 28 1171 352 49 24 1051 264 46 24 
22 667 492 32 150 73 447 126 49 390 299 133 41 730 457 45 123 363 298 139 40 667 492 32 150 730 457 45 123 307 452 52 30 1215 279 47 27 543 4 22 43 621 3 19 42 988 333 49 26 935 278 60 30 607 414 34 32 100 328 87 32 748 696 21 26 935 278 60 30 1013 300 46 29 541 351 55 27 988 333 49 26 1215 279 47 27 1250 325 31 26 307 452 52 30 312 410 46 28 233 427 45 31 1082 303 43 27 1162 311 52 25 231 473 40 28 1168 352 51 24 1049 263 45 25 
23 667 493 32 144 360 299 143 40 73 447 126 49 730 456 45 122 360 299 143 40 667 493 32 144 730 456 45 122 1214 280 46 26 543 5 22 43 621 3 19 42 987 333 50 26 932 279 63 29 100 328 87 32 607 412 33 33 932 279 63 29 1013 299 46 29 748 694 23 29 987 333 50 26 541 349 44 30 1214 280 46 26 1250 325 30 26 307 452 52 30 311 410 46 28 233 427 45 31 1082 302 43 28 1162 311 52 26 231 473 40 28 1165 352 50 24 1044 263 47 25 
24 73 447 126 49 359 299 145 41 730 455 46 120 668 492 31 145 359 299 145 41 730 455 46 120 1211 280 47 27 543 5 22 43 988 333 49 27 621 3 19 43 932 280 62 29 100 328 86 32 748 693 24 31 932 280 62 29 605 413 35 32 1014 300 46 29 988 333 49 27 1211 280 47 27 1251 325 30 26 307 452 53 30 312 410 46 28 540 348 41 29 233 427 44 31 1162 312 52 25 1082 302 43 28 1163 352 51 24 231 473 40 28 1041 263 48 24 
25 667 488 32 124 356 299 150 41 73 447 126 49 730 455 47 120 356 299 150 41 667 488 32 124 730 455 47 120 307 452 52 30 931 281 61 28 542 5 23 43 620 3 19 43 987 333 50 27 101 328 85 32 604 412 36 32 931 281 61 28 748 691 24 33 987 333 50 27 1014 300 46 28 1210 281 46 26 307 452 52 30 1251 325 30 27 311 410 46 28 1163 312 51 25 233 427 45 30 538 349 42 27 1082 302 43 28 1161 352 52 23 1038 263 48 24 231 473 40 28 
26 667 485 32 128 355 300 154 40 73 447 126 49 729 454 47 120 355 300 154 40 729 454 47 120 667 485 32 128 307 452 52 30 542 5 23 43 620 2 19 43 987 332 50 27 101 328 85 32 931 281 59 28 1210 281 45 26 748 689 24 37 987 332 50 27 1013 300 46 28 307 452 52 30 311 409 46 28 1251 325 29 27 1037 262 46 24 535 349 44 26 233 427 45 30 1163 312 51 26 1082 302 44 28 1159 352 52 23 231 473 40 28 
27 354 300 156 39 730 453 47 120 73 447 126 49 666 482 33 134 354 300 156 39 730 453 47 120 666 482 33 134 933 280 49 32 307 452 52 30 542 5 22 43 988 333 49 27 621 2 19 43 933 280 49 32 1203 280 44 22 748 686 24 40 1013 300 45 28 988 333 49 27 1034 260 41 23 1158 352 51 23 307 452 52 30 312 410 45 28 1251 325 29 27 532 349 45 26 233 427 45 30 1163 313 51 26 1082 302 44 28 231 473 40 28 
28 356 299 153 43 73 447 126 49 666 478 32 138 731 433 44 132 356 299 153 43 731 433 44 132 666 478 32 138 307 452 52 30 542 5 23 43 932 280 48 31 620 3 19 43 988 333 49 27 100 328 86 32 748 685 22 35 1012 300 46 28 1156 350 43 24 932 280 48 31 988 333 49 27 1203 281 44 19 307 452 52 30 527 348 46 28 312 409 45 28 1251 325 29 27 232 427 45 30 1165 312 49 26 1082 302 44 28 1033 261 42 24 231 473 40 28 
29 356 300 152 43 665 475 32 141 73 447 126 49 731 432 45 134 731 432 45 134 665 475 32 141 307 452 52 30 542 5 23 43 932 280 48 31 621 2 18 43 989 333 48 27 100 328 86 32 1012 300 47 28 932 280 48 31 989 333 48 27 1197 281 47 20 525 347 45 28 748 682 23 39 307 452 52 30 312 409 45 28 1251 325 29 28 1154 350 45 24 232 427 45 30 1165 314 49 25 1082 303 43 27 1031 262 43 23 231 473 40 28 
30 73 447 127 49 664 473 32 143 731 433 44 133 731 433 44 133 664 473 32 143 542 5 23 43 307 452 52 30 748 681 23 41 988 333 48 26 621 2 18 43 931 280 48 31 100 328 86 32 1012 301 47 28 931 280 48 31 988 333 48 26 522 347 47 28 748 681 23 41 307 452 52 30 1251 325 29 28 311 409 45 29 1195 281 48 21 232 427 45 31 1166 314 48 25 1082 304 44 27 1150 350 47 24 1028 263 44 24 231 473 40 28 
31 664 471 33 145 73 447 126 49 730 431 45 134 730 431 45 134 664 471 33 145 930 280 47 31 620 2 18 43 989 333 48 26 748 680 23 42 100 328 86 32 592 402 36 33 520 347 47 28 1011 300 48 28 989 333 48 26 930 280 47 31 748 680 23 42 307 452 52 30 1250 325 29 28 311 409 45 29 1192 281 49 20 1166 313 48 25 232 427 45 30 1082 304 44 26 1147 350 49 25 231 473 40 29 1025 261 43 24 
32 73 447 126 49 663 469 34 149 730 431 46 132 730 431 46 132 663 469 34 149 307 452 52 30 542 5 22 43 989 333 47 26 620 2 19 43 929 280 46 31 748 677 22 45 100 328 86 32 520 348 46 28 592 401 35 33 1011 300 48 27 748 677 22 45 929 280 46 31 989 333 47 26 307 452 52 30 1250 325 30 28 311 409 45 28 1166 313 49 25 1189 280 49 21 232 427 45 31 1082 304 44 26 1144 349 53 25 231 473 40 29 1020 261 44 24 
33 664 466 33 152 73 447 126 49 730 429 46 133 730 429 46 133 664 466 33 152 307 452 52 30 542 5 23 43 989 334 47 26 929 280 46 31 620 2 19 43 748 677 20 43 100 328 86 32 591 401 35 33 1011 300 48 27 989 334 47 26 929 280 46 31 748 677 20 43 514 346 45 23 307 452 52 30 1249 325 30 28 1188 281 49 21 311 409 45 28 1166 314 49 25 232 427 46 30 1082 304 43 26 1143 349 53 25 1017 261 44 25 231 473 40 29 
34 663 464 35 154 363 300 135 39 72 447 127 49 731 429 45 132 731 429 45 132 663 464 35 154 928 281 46 30 306 452 53 30 542 5 23 43 989 334 48 26 620 2 19 43 748 675 22 47 101 328 86 32 748 675 22 47 1011 301 47 27 989 334 48 26 928 281 46 30 1185 280 52 22 306 452 53 30 1248 324 31 28 1166 314 50 24 311 410 45 28 511 345 47 24 232 427 46 30 1082 304 43 26 1014 262 46 25 1140 349 56 25 231 473 40 29 
35 72 447 127 49 730 429 46 130 663 463 34 153 730 429 46 130 542 5 22 43 989 334 48 26 620 2 19 43 748 672 21 49 1178 524 78 47 590 399 35 31 101 327 85 32 748 672 21 49 1012 300 47 28 989 334 48 26 1178 282 46 22 926 281 46 30 1166 314 49 24 307 452 52 30 1013 262 44 25 1248 324 31 28 311 409 45 28 232 427 46 30 1082 304 43 26 508 345 47 25 1137 348 58 26 231 473 40 29 
36 335 299 144 42 73 447 126 50 731 427 46 131 335 299 144 42 731 427 46 131 663 459 34 132 542 5 22 43 989 334 48 25 620 2 18 44 748 671 20 51 1179 523 78 48 101 327 85 33 748 671 20 51 1012 300 48 28 989 334 48 25 306 452 53 30 1178 281 45 22 1248 324 31 29 1165 314 50 24 311 409 45 28 925 281 47 29 503 345 49 25 232 427 46 30 1082 303 43 26 1008 257 45 24 1136 349 59 26 231 472 40 29 
37 663 456 34 136 333 301 146 39 72 447 127 50 730 427 47 129 333 301 146 39 663 456 34 136 542 5 23 43 989 334 48 25 620 2 18 43 747 669 21 52 747 669 21 52 1179 524 78 47 101 327 85 33 588 397 35 32 1012 300 48 29 989 334 48 25 306 452 53 30 1248 324 31 29 1164 314 52 24 924 281 47 29 1176 281 45 22 311 409 45 28 502 345 49 25 1083 303 43 26 232 427 45 30 1134 349 60 26 231 472 41 29 1007 257 44 25 
38 731 426 47 128 333 301 147 39 72 447 127 49 661 452 35 140 333 301 147 39 542 5 23 43 990 334 47 25 620 2 19 43 747 666 21 51 1179 524 78 48 101 327 85 33 747 666 21 51 1011 300 49 29 586 397 34 32 990 334 47 25 922 281 48 29 1247 323 32 29 1175 280 44 22 306 452 53 30 1164 315 52 25 311 409 45 28 1132 349 61 26 1082 304 43 26 231 427 46 30 499 344 50 26 231 472 41 29 1005 258 45 25 
39 731 425 48 128 661 450 37 141 73 447 126 50 333 302 146 37 661 450 37 141 333 302 146 37 542 5 23 43 990 334 47 25 620 2 18 44 747 663 21 52 1179 523 77 49 101 327 85 33 747 663 21 52 1011 300 49 29 582 395 34 33 990 334 47 25 1247 323 31 29 306 452 53 30 311 409 45 28 1165 315 52 25 1172 280 46 21 1132 348 60 26 921 281 49 29 498 343 50 27 231 427 46 30 1082 304 43 26 231 472 41 29 1003 258 44 25 
40 73 447 126 50 334 303 145 36 334 303 145 36 542 5 23 43 990 334 47 25 620 2 19 44 747 660 20 51 101 327 84 32 747 660 20 51 1011 300 49 29 582 394 33 34 990 334 47 25 1133 348 57 26 307 452 52 30 1248 324 31 29 312 409 45 28 1165 316 51 24 496 344 50 27 231 427 46 30 1082 304 43 26 920 281 50 28 1169 280 47 20 1001 259 40 24 231 472 41 29 
41 73 447 126 50 336 302 142 39 336 302 142 39 990 334 47 25 542 5 23 43 620 2 19 44 746 659 21 52 101 327 85 32 1012 300 49 29 746 659 21 52 1133 348 55 27 990 334 47 25 580 394 34 34 495 343 49 28 1248 323 31 29 1164 316 53 25 307 452 52 30 312 409 45 28 918 281 51 27 231 427 46 30 1082 304 44 26 1168 280 45 21 230 472 41 29 999 259 39 24 
42 735 412 56 156 336 303 142 37 73 447 126 50 336 303 142 37 916 281 52 28 990 334 47 25 542 5 23 43 620 2 19 44 746 658 21 51 101 327 85 32 1126 345 43 26 1005 306 46 24 576 390 39 33 746 658 21 51 990 334 47 25 916 281 52 28 490 343 46 27 1163 316 53 25 307 452 52 30 1248 323 31 29 312 409 45 28 231 427 46 30 1167 280 46 21 1081 304 44 26 230 472 41 29 995 259 40 25 
43 736 411 56 158 73 447 125 50 915 281 53 27 306 452 52 30 990 334 47 25 746 657 21 50 542 5 23 43 620 2 19 44 101 327 84 32 1125 345 45 26 1012 300 48 29 746 657 21 50 990 334 47 25 573 389 42 34 915 281 53 27 306 452 52 30 1247 323 31 29 312 409 45 28 1162 316 53 25 231 427 46 30 1164 280 49 22 992 258 41 25 487 344 48 27 1081 304 45 26 231 472 41 29 
